25 25
0.96277996
0.03722004000000001
0.7692865569458681
0.9612453
0.03875470000000003
0.7753252258475791
0.9588471733333334
0.04115282666666664
0.7606901079788211
0.96202887
0.037971129999999964
0.7601981738595496
0.964177504
0.03582249599999998
0.754759793069477
0.9550726466666667
0.04492735333333331
0.7150150237520501
0.9443608
0.0556392
0.7049367783790611
0.940154505
0.059845495000000026
0.6961072161637836
0.9386982844444445
0.061301715555555525
0.6932532435907623
0.939122416
0.060877583999999985
0.6940994261342799
0.9445705563636364
0.055429443636363596
0.6939889333627852
0.9489579
0.05104209999999998
0.6941126845144066
0.9518116123076923
0.04818838769230771
0.6966100120854445
0.9542669628571429
0.04573303714285715
0.6928163230965789
0.956712616
0.043287383999999984
0.6908138875967064
0.95801207
0.04198793000000001
0.6916623073909707
0.9596312
0.04036879999999998
0.6921492601143833
0.9602272866666667
0.03977271333333332
0.695125291183904
0.9610458105263158
0.03895418947368423
0.6961326080265112
0.962029026
0.037970974000000046
0.6982419216300729
0.9616827047619048
0.03831729523809524
0.7035962917540939
0.9609754763636363
0.03902452363636366
0.7145107356912218
0.9585999739130435
0.041400026086956476
0.7205963724359158
0.9577399633333333
0.04226003666666667
0.7277537941275677
0.9571544208
0.042845579199999984
0.7286497560314039

0.9571544208
0.042845579199999984
0.7286497560314039
0.8430276329708593